    day     sst(K)    H(W/m2)   LE(W/m2)
256.000 297.919464  -4.536450   6.567191
256.125 296.778870  -2.924805   4.112864
256.250 295.736908  -1.517565   0.927949
256.375 295.251099  -2.077649   0.365176
256.500 299.361938   7.911337  49.728733
256.625 302.880188  99.255768 375.878479
256.750 302.687500  72.272873 452.978516
256.875 301.106293  12.752994 218.796982
257.000 297.758942 -10.919599  10.357809
257.125 296.642761  -6.323782   6.686869
257.250 296.031555  -7.506755   2.019431
257.375 295.587799  -7.873621  -0.448924
257.500 300.210510   7.947286  59.883827
257.625 303.337280  88.402435 331.061615
257.750 305.008362  91.147224 402.311310
257.875 302.273956  20.972809 230.352936
258.000 298.023376  -6.275556   8.100401
258.125 297.367798  -6.217723   5.922377
258.250 296.158051  -2.801802   1.805309
258.375 295.679993  -1.854970   0.628642
258.500 301.348969  10.354492  44.789505
258.625 306.819153  88.355003 394.594238
258.750 307.663422 153.896637 416.693115
258.875 304.553284  38.307129 262.001038
259.000 299.467163  -8.614321  10.925463
259.125 298.555969  -4.041445   6.435123
259.250 297.205353  -3.700935   2.690370
259.375 296.440125  -5.345197   1.059444
259.500 301.646057  13.006913  43.830002
259.625 305.333313  90.853394 338.692169
259.750 303.834290  74.127281 369.766449
259.875 301.243408   4.717407 181.635986
260.000 298.323822  -4.008488   7.377593
260.125 297.923187  -2.889111   6.783642
260.250 296.714661  -3.053004   2.238611
260.375 296.215302  -4.450147   1.918302
260.500 299.768127  16.026474  44.245464
260.625 303.589142  98.317841 298.336334
260.750 302.915436  77.178703 384.020782
260.875 299.995056   4.328488 212.965958
261.000 297.515564  -5.632963   8.475370
261.125 297.101227  -6.427637   5.625143
261.250 296.007477  -7.739998   1.853995
261.375 295.373749  -4.149695  -0.424292
261.500 299.884308  23.952816  43.120403
261.625 303.235657 100.224937 311.696075
261.750 302.916046  99.949104 394.653656
261.875 301.125336  23.768457 214.345581
262.000 298.022919  -8.856512   9.608704
262.125 297.142303  -5.308697   2.621481
262.250 296.207947  -5.973051   0.148056
262.375 295.773834  -5.489300  -1.211975
262.500 300.735474  25.230862  43.924137
262.625 302.922485  90.671570 344.397766
262.750 302.831299  72.715675 423.913666
262.875 299.511383   6.425124 220.878052
263.000 297.216431  -9.370123  12.688087
263.125 297.171661 -14.016213  28.589258
263.250 295.814880  -2.956909   2.981173
263.375 295.080139  -3.219526   1.032130
263.500 301.113220  12.902981  53.776882
263.625 303.661072  91.672066 352.067230
263.750 303.009491  92.449570 447.998901
263.875 300.627106  10.397717 246.242279
264.000 297.695831 -10.110124   8.845432
264.125 297.069031  -5.703863   7.163734
264.250 295.652100  -2.613269   1.017253
264.375 294.912140  -1.565358  -0.700679
264.500 300.778198  12.231936  55.600773
264.625 304.583130 119.590370 354.127533
264.750 305.553314 120.599602 386.276093
264.875 302.216095  15.436018 230.824753
265.000 298.288971  -8.391883  11.088673
265.125 297.618652  -1.517193   6.063735
265.250 296.190735  -1.239521   0.808488
265.375 295.336487  -2.046025  -0.297593
265.500 300.892731  14.550014  49.340153
265.625 305.358032  90.489906 370.559540
265.750 304.904724  92.231544 427.515991
265.875 301.807343   7.355093 202.937042
266.000 298.411438  -6.086821   7.306142
266.125 297.830505  -7.373652  21.648087
266.250 296.399872  -8.617393   8.768611
266.375 295.487946  -5.284719   4.672469
266.500 300.741821  20.233019  56.877747
266.625 303.675476  90.843674 309.952789
266.750 304.124359  76.040588 370.078278
266.875 301.773468   2.738364 209.790771
267.000 298.243683  -7.839167   8.116512
267.125 298.120148  -6.403173   7.937556
267.250 296.740173  -6.681076   2.678779
267.375 295.958344  -4.797159  -0.131100
267.500 301.898743  16.940813  54.448467
267.625 304.403229  81.649384 346.697113
267.750 304.274963  93.838364 393.425354
267.875 302.033569  19.718334 212.429871
268.000 298.530487  -8.700463   9.688920
268.125 297.532837 -11.558272   7.356304
268.250 296.071991 -11.006215   4.444836
268.375 295.436432  -8.583667   1.881779
268.500 301.449554  15.613598  58.348007
268.625 304.324036 113.530312 374.964996
268.750 304.668030  98.779350 435.067169
268.875 302.027496  23.954845 231.181915
269.000 298.809540 -14.533148  11.304475
269.125 297.775330 -13.885183  13.382251
269.250 296.926727 -13.225806   4.202529
269.375 296.442780 -12.326424  -1.001543
269.500 300.231964  12.994734  69.635437
269.625 306.941101 143.597961 377.783936
269.750 308.691620 194.149384 425.112671
269.875 304.204590  32.726326 251.199036
270.000 300.022552 -19.228704  16.694136
270.125 299.415497 -28.803776  16.735617
270.250 297.593750 -26.557997  12.126698
270.375 296.186066 -16.548222   7.868981
270.500 301.866547   5.954028  69.773300
270.625 306.315277 106.263733 346.775208
270.750 306.279053 126.928795 389.207703
270.875 303.465179  39.171326 235.877899
271.000 299.082214 -13.320463  13.125494
271.125 298.275330 -11.163625  10.145361
271.250 296.903198 -10.367043   6.512745
271.375 295.979431  -7.428453   4.248632
271.500 301.986847  13.249511  65.092430
271.625 306.129852 116.686050 411.368500
271.750 305.346802 108.802101 488.684937
271.875 301.666718  23.596666 246.971542
272.000 298.398224 -10.005494  10.470185
272.125 298.217102 -10.845202  10.361923
272.250 296.651489 -10.016046   5.027911
272.375 295.817444  -7.388980   2.355775
272.500 301.664886  20.966202  58.993156
272.625 306.185974 143.549561 369.094879
272.750 307.628326 165.667068 369.124298
272.875 304.129517  30.894630 228.828461
273.000 299.465973 -12.265463  12.551636
273.125 298.269318  -8.690662   8.266636
273.250 297.214966  -9.160972   5.540679
273.375 296.653992  -9.239429   3.988673
273.500 302.236511  15.361587  61.128456
273.625 307.464264 141.520462 359.627838
273.750 307.673431 158.303833 362.243164
273.875 303.758362  18.306698 206.950562
274.000 299.909973 -19.116049  15.307222
274.125 298.967163 -12.817652  10.831388
274.250 297.799652 -13.842653   7.698364
274.375 297.006378 -11.865548   4.924568
274.500 302.062347  24.058506  60.216049
274.625 306.505798 136.697937 381.358215
274.750 307.679474 179.678268 429.133301
274.875 303.835236  41.669197 232.123245
275.000 299.939667 -12.600679  12.777284
275.125 298.405914  -3.849863  10.854753
275.250 296.484283  -5.536036   7.782716
275.375 295.766510  -8.669332   9.837963
275.500 298.821594   8.054653  62.607254
275.625 305.691376 109.595711 360.263611
275.750 303.770874 122.826454 385.938141
275.875 301.621216  13.321697 207.727158
276.000 298.259308  -5.363889   7.782500
276.125 297.867615  -8.085531   5.921123
276.250 296.896393  -6.097322   2.516404
276.375 296.346802  -3.044586   0.278389
276.500 301.495026  21.973854  47.772079
276.625 304.703308 111.823860 357.630829
276.750 302.678894  41.936543 414.281769
276.875 300.472351 -13.448858 205.614014
277.000 297.889404  -7.314537  10.731358