day sst(K) H(W/m2) LE(W/m2) TAU(m2/s2) 
  6.750000000  297.1428    -0.7647    18.9246  -999.9 
  6.791666667  297.0970    -0.1685    16.1803  -999.9 
  6.833333333  296.8845     0.3100    15.2280  -999.9 
  6.875000000  296.7844     0.4510    15.0422  -999.9 
  6.916666667  296.9763    -1.5694    18.0812  -999.9 
  6.958333333  297.0625     0.7214    29.7494  -999.9 
  7.000000000  297.9010     5.5732    64.8995  -999.9 
  7.041666667  298.4753     9.2562    95.8368  -999.9 
  7.083333333  299.0134    20.7268   161.9929  -999.9 
  7.125000000  299.5972    11.3022   161.0197  -999.9 
  7.166666667  299.7338    25.8834   209.9628  -999.9 
  7.208333333  300.8032    33.2924   258.8030  -999.9 
  7.250000000  301.2343    52.5885   310.8772  -999.9 
  7.291666667  302.0781    44.5398   291.5404  -999.9 
  7.333333333  301.9298    12.6286   211.3668  -999.9 
  7.375000000  300.9984   -15.4266   134.9723  -999.9 
  7.416666667  299.6306   -13.2276    58.4078  -999.9 
  7.458333333  298.8446    -6.6061    25.1360  -999.9 
  7.500000000  298.5618    -3.8645    20.0025  -999.9 
  7.541666667  298.3695    -2.7177    17.7217  -999.9 
  7.583333333  298.1587    -1.8987    18.7372  -999.9 
  7.625000000  297.9326    -1.4946    17.0309  -999.9 
  7.666666667  297.7477    -1.4818    16.1672  -999.9 
  7.708333333  297.5174    -1.3600    17.1137  -999.9 
  7.750000000  297.3347    -1.3255    17.5900  -999.9 
  7.791666667  297.1614    -0.7383    17.3680  -999.9 
  7.833333333  297.1244    -0.5776    17.0520  -999.9 
  7.875000000  297.0377    -0.9543    15.4251  -999.9 
  7.916666667  297.1979    -4.3983    19.7073  -999.9 
  7.958333333  297.3936    -0.8532    40.6700  -999.9 
  8.000000000  298.7443    13.7359   117.0335  -999.9 
  8.041666667  300.3463    25.9820   193.9294  -999.9 
  8.083333333  301.8596    42.8640   257.1138  -999.9 
  8.125000000  303.0533     5.7668   234.1103  -999.9 
  8.166666667  300.7407    44.7536   326.2159  -999.9 
  8.208333333  301.5472     7.1158   227.0563  -999.9 
  8.250000000  300.3232    36.6844   274.2182  -999.9 
  8.291666667  300.7350     8.4211   172.9606  -999.9 
  8.333333333  300.1620    11.6117   172.6377  -999.9 
  8.375000000  300.0107    -0.9402   121.8153  -999.9 
  8.416666667  299.9521    -5.7504    51.3989  -999.9 
  8.458333333  298.8522    -2.6479    13.1262  -999.9 
  8.500000000  298.3701    -1.9812    11.6609  -999.9 
  8.541666667  298.0691    -2.0032    11.6130  -999.9 
  8.583333333  297.8378    -2.5649    11.5150  -999.9 
  8.625000000  297.7516    -3.6590    14.2912  -999.9 
  8.666666667  297.4842    -2.3889    14.0366  -999.9 
  8.708333333  297.4061    -3.4586    15.9997  -999.9 
  8.750000000  297.3274    -3.4452    16.9335  -999.9 
  8.791666667  297.0729    -1.8804    15.4150  -999.9 
  8.833333333  296.9819    -1.3089    15.0436  -999.9 
  8.875000000  296.8991    -1.3155    14.4094  -999.9 
  8.916666667  296.9043    -1.8214    16.1984  -999.9 
  8.958333333  297.1683     0.4998    28.5897  -999.9 
  9.000000000  298.1844    13.0001    83.8846  -999.9 
  9.041666667  299.8242     9.0847   131.6148  -999.9 
  9.083333333  300.8805    13.3304   177.3472  -999.9 
  9.125000000  301.3870    39.2110   226.1085  -999.9 
  9.166666667  302.3248   101.6886   346.1430  -999.9 
  9.208333333  304.3628    91.1968   355.8432  -999.9 
  9.250000000  303.8219    56.9847   320.8685  -999.9 
  9.291666667  303.0096    21.5483   268.8818  -999.9 
  9.333333333  301.2567    -0.4183   174.7399  -999.9 
  9.375000000  299.6989    -7.7148   111.4212  -999.9 
  9.416666667  298.9037    -9.7043    51.8253  -999.9 
  9.458333333  298.1657    -7.0874    26.7709  -999.9 
  9.500000000  297.8976    -6.6137    25.4558  -999.9 
  9.541666667  297.6143    -5.3088    23.7669  -999.9 
  9.583333333  297.5204    -5.1738    25.3806  -999.9 
  9.625000000  297.3284    -3.2014    24.2682  -999.9 
  9.666666667  297.2838    -3.6799    21.4955  -999.9 
  9.708333333  297.1602    -3.2316    16.4256  -999.9 
  9.750000000  296.8661    -1.9266    18.3532  -999.9 
  9.791666667  296.8447    -0.8714    18.5298  -999.9 
  9.833333333  296.8712    -0.1358    22.0707  -999.9 
  9.875000000  296.9745     0.0363    22.5721  -999.9 
  9.916666667  297.2627    -1.3680    24.6303  -999.9 
  9.958333333  297.3546     0.4754    31.8485  -999.9 
 10.000000000  297.9313     2.6086    59.0780  -999.9 
 10.041666667  298.3714    10.2048   104.5633  -999.9 
 10.083333333  299.1399    16.8359   142.2791  -999.9 
 10.125000000  300.1722    24.2139   185.1857  -999.9 
 10.166666667  300.6951    40.0842   235.3463  -999.9 
 10.208333333  301.6104    49.9854   270.6077  -999.9 
 10.250000000  301.4854    43.4680   262.5976  -999.9 
 10.291666667  301.6198    22.7226   198.3045  -999.9 
 10.333333333  300.7738    -0.0383   142.5880  -999.9 
 10.375000000  299.1752    -3.9467   106.6766  -999.9 
 10.416666667  299.0324   -10.8145    56.5746  -999.9 
 10.458333333  298.4245   -11.7076    32.8647  -999.9 
 10.500000000  298.1180    -7.7523    28.5036  -999.9 
 10.541666667  298.0200    -5.1589    21.8069  -999.9 
 10.583333333  297.6812    -3.7365    17.3673  -999.9 
 10.625000000  297.5925    -4.0108    17.5153  -999.9 
 10.666666667  297.4805    -4.2327    18.3197  -999.9 
 10.708333333  297.3369    -4.2613    17.5890  -999.9 
 10.750000000  297.1692    -3.9227    17.2707  -999.9 
 10.791666667  297.1144    -3.3766    17.0104  -999.9 
 10.833333333  296.9302    -2.7520    16.2789  -999.9 
 10.875000000  296.8770    -1.7572    15.6560  -999.9 
 10.916666667  296.6373    -2.9601    22.0962  -999.9 
 10.958333333  296.8777    -1.7924    29.1101  -999.9 
 11.000000000  297.5764     6.8004    63.2978  -999.9 
 11.041666667  298.5754    17.4269   118.6123  -999.9 
 11.083333333  299.5630    14.8952   129.9612  -999.9 
 11.125000000  300.0115    24.3620   168.7435  -999.9 
 11.166666667  300.1347    25.8676   177.9207  -999.9 
 11.208333333  300.8685    47.1112   264.9271  -999.9 
 11.250000000  302.1259    54.6064   303.1667  -999.9 
 11.291666667  302.0545    48.8547   281.3783  -999.9 
 11.333333333  301.6960    25.2025   240.3394  -999.9 
 11.375000000  300.7096    -5.1114   156.4236  -999.9 
 11.416666667  300.2025   -10.9353    69.8573  -999.9 
 11.458333333  299.0836    -7.8031    26.1693  -999.9 
 11.500000000  298.7840    -7.1163    23.3827  -999.9 
 11.541666667  298.4208    -7.1959    22.6667  -999.9 
 11.583333333  298.2603    -7.1706    23.1410  -999.9 
 11.625000000  298.0166    -7.0800    23.5561  -999.9 
 11.666666667  297.8394    -6.6040    22.9548  -999.9 
 11.708333333  297.7138    -5.9532    20.7780  -999.9 
 11.750000000  297.4369    -4.8388    17.9549  -999.9 
 11.791666667  297.1805    -3.6925    16.0264  -999.9 
 11.833333333  296.9714    -3.2002    13.5629  -999.9 
 11.875000000  296.7620    -2.2442    12.4056  -999.9 
 11.916666667  296.8442    -1.6815    16.7678  -999.9 
 11.958333333  297.1709     4.2023    27.1145  -999.9 
 12.000000000  298.7392    15.0241    73.1254  -999.9 
 12.041666667  300.0452    19.5680   126.0216  -999.9 
 12.083333333  301.2006    31.3387   180.1932  -999.9 
 12.125000000  301.8583    47.3465   220.9248  -999.9 
 12.166666667  302.8335    72.7092   292.3427  -999.9 
 12.208333333  303.8446    70.8419   329.1105  -999.9 
 12.250000000  303.4094    63.3948   338.8446  -999.9 
 12.291666667  303.5296    25.3779   279.5809  -999.9 
 12.333333333  302.4470     8.5987   222.3124  -999.9 
 12.375000000  300.6368    -5.0125   137.3142  -999.9 
 12.416666667  300.0968   -13.4781    70.4984  -999.9 
 12.458333333  299.2214   -16.1172    40.2980  -999.9 
 12.500000000  298.6430   -18.4643    47.0755  -999.9 
 12.541666667  298.0421   -12.8999    40.3470  -999.9 
 12.583333333  297.7142    -7.2206    33.6930  -999.9 
 12.625000000  297.6299    -4.8067    29.1983  -999.9 
 12.666666667  297.4598    -3.9423    27.3812  -999.9 
 12.708333333  297.3376    -2.2888    25.5375  -999.9 
 12.750000000  297.2900    -2.2032    20.9637  -999.9 
 12.791666667  297.1452    -2.3561    20.9815  -999.9 
 12.833333333  297.0826    -2.3461    22.3917  -999.9 
 12.875000000  297.0706    -2.3381    25.7845  -999.9 
 12.916666667  297.0617    -3.1431    30.6219  -999.9 
 12.958333333  297.2560    -0.5319    40.6420  -999.9 
 13.000000000  297.9158     5.0396    76.3154  -999.9 
 13.041666667  299.0512    20.4767   134.9882  -999.9 
 13.083333333  299.8106    43.1331   227.6063  -999.9 
 13.125000000  301.3886    60.2719   313.5896  -999.9 
 13.166666667  302.8618    63.5138   358.0738  -999.9 
 13.208333333  303.1831    43.1125   329.9799  -999.9 
 13.250000000  302.1024    28.1888   281.9917  -999.9 
 13.291666667  300.2742    12.3430   209.4677  -999.9 
 13.333333333  299.5884     7.2258   173.5996  -999.9 
 13.375000000  299.1776     1.8415   126.1470  -999.9 
 13.416666667  298.5475   -16.5659    63.6462  -999.9 
 13.458333333  297.7248   -12.0188    43.2683  -999.9 
 13.500000000  297.4902    -9.1611    38.8163  -999.9 
 13.541666667  297.3703    -8.3356    37.2687  -999.9 
 13.583333333  297.2373    -7.2442    35.1821  -999.9 
 13.625000000  297.1471    -7.8939    35.7372  -999.9 
 13.666666667  297.1044    -8.3251    34.9702  -999.9 
 13.708333333  297.0516    -6.7517    31.5057  -999.9 
 13.750000000  296.9519    -5.5662    31.4471  -999.9 
 13.791666667  296.9286    -4.5868    30.8992  -999.9 
 13.833333333  296.9080    -2.6856    30.0455  -999.9 
 13.875000000  297.0052    -2.5264    26.8948  -999.9 
 13.916666667  296.9336    -4.7792    29.4951  -999.9 
 13.958333333  296.9866    -2.2451    33.7001  -999.9 
