day sst(K) H(W/m2) LE(W/m2) TAU(m2/s2) 
 61.750000000  300.1096    36.2718   280.1695  -999.9 
 61.791666667  300.0949    36.3590   255.4092  -999.9 
 61.833333333  300.1787    -6.6912   166.1931  -999.9 
 61.875000000  299.2737   -16.2618   107.0037  -999.9 
 61.916666667  298.4712   -25.2304    48.6388  -999.9 
 61.958333333  297.9444   -19.1221    32.3761  -999.9 
 62.000000000  297.4758   -14.4292    23.2502  -999.9 
 62.041666667  297.2826   -12.4599    19.9698  -999.9 
 62.083333333  297.1047   -11.2271    19.4303  -999.9 
 62.125000000  297.0058    -7.5439    14.6045  -999.9 
 62.166666667  296.8177    -4.8034    11.9007  -999.9 
 62.208333333  296.7105    -3.9204    11.1228  -999.9 
 62.250000000  296.6848    -4.3406    11.3776  -999.9 
 62.291666667  296.5573    -4.4487    10.9295  -999.9 
 62.333333333  296.4869    -4.4641     9.6908  -999.9 
 62.375000000  296.4852    -5.4922     9.6657  -999.9 
 62.416666667  296.5171   -10.5326    19.3655  -999.9 
 62.458333333  296.9285    -5.2727    51.3554  -999.9 
 62.500000000  297.6373     4.1893   121.0866  -999.9 
 62.541666667  298.8783    19.8446   209.8973  -999.9 
 62.583333333  300.2084    68.5505   329.1869  -999.9 
 62.625000000  302.3875   115.9089   396.0379  -999.9 
 62.666666667  303.5378   139.3035   407.4257  -999.9 
 62.708333333  304.1572   133.2556   401.1505  -999.9 
 62.750000000  304.2715    58.9334   310.6945  -999.9 
 62.791666667  303.4987    35.5868   303.1611  -999.9 
 62.833333333  302.3763     5.0646   261.7736  -999.9 
 62.875000000  301.3909   -13.8232   134.9171  -999.9 
 62.916666667  299.9547   -11.3054    28.9120  -999.9 
 62.958333333  299.0688   -13.1185    25.9600  -999.9 
 63.000000000  298.5843   -13.6683    23.9265  -999.9 
 63.041666667  298.1807   -11.4774    19.4332  -999.9 
 63.083333333  297.9560   -12.3064    19.2031  -999.9 
 63.125000000  297.5494   -12.1422    22.6078  -999.9 
 63.166666667  297.2737   -12.9768    22.4097  -999.9 
 63.208333333  297.1230   -12.2933    26.1477  -999.9 
 63.250000000  296.9811   -10.5072    24.5765  -999.9 
 63.291666667  296.9293    -7.6527    20.2987  -999.9 
 63.333333333  296.8835    -7.3935    17.0150  -999.9 
 63.375000000  296.7972    -6.5834    15.7597  -999.9 
 63.416666667  296.6723    -5.8257    18.2015  -999.9 
 63.458333333  297.0184    -5.5309    32.6036  -999.9 
 63.500000000  297.4854     0.4135    68.5956  -999.9 
 63.541666667  298.1526     5.2170   123.2715  -999.9 
 63.583333333  298.5842    12.8595   155.6749  -999.9 
 63.625000000  299.3652    26.2813   215.7878  -999.9 
 63.666666667  300.1469    27.9866   230.8742  -999.9 
 63.708333333  300.8591    34.7567   268.9949  -999.9 
 63.750000000  301.1656    48.8190   315.6318  -999.9 
 63.791666667  301.8551    24.4047   273.4558  -999.9 
 63.833333333  301.6197     1.7315   212.6317  -999.9 
 63.875000000  300.4518   -12.9134   117.7240  -999.9 
 63.916666667  299.4846   -12.1901    40.1073  -999.9 
 63.958333333  298.5101    -4.3409    15.8327  -999.9 
 64.000000000  298.1251    -2.6810     9.4754  -999.9 
 64.041666667  297.9218    -2.0793     7.4206  -999.9 
 64.083333333  297.8149    -1.2460     5.6471  -999.9 
 64.125000000  297.7452    -0.9068     4.4476  -999.9 
 64.166666667  297.5981    -1.5127     5.8766  -999.9 
 64.208333333  297.5073    -2.4942     7.3418  -999.9 
 64.250000000  297.3877    -2.8825     7.2160  -999.9 
 64.291666667  297.1645    -2.6603     6.8583  -999.9 
 64.333333333  296.9936    -2.3558     5.7556  -999.9 
 64.375000000  296.8436    -1.7977     5.9127  -999.9 
 64.416666667  296.7765    -2.3126     7.9926  -999.9 
 64.458333333  297.5258    -2.2946    50.4721  -999.9 
 64.500000000  298.4958     6.4964   129.7856  -999.9 
 64.541666667  299.6069     3.9299   205.6161  -999.9 
 64.583333333  300.4541    -6.2628   241.2560  -999.9 
 64.625000000  300.3883    11.9875   276.8194  -999.9 
 64.666666667  300.7766    18.1722   289.3197  -999.9 
 64.708333333  300.6672    26.3673   320.1541  -999.9 
 64.750000000  300.9586    37.5639   317.3645  -999.9 
 64.791666667  301.5394    11.3779   263.4932  -999.9 
 64.833333333  300.6845   -20.6533   182.9716  -999.9 
 64.875000000  299.7217   -30.2868   108.3507  -999.9 
 64.916666667  298.8179   -17.6809    45.5168  -999.9 
 64.958333333  298.2666    -8.9513    23.6829  -999.9 
 65.000000000  297.9127    -6.9391    17.1309  -999.9 
 65.041666667  297.5622    -5.0433    11.9112  -999.9 
 65.083333333  297.3963    -4.1147     9.4812  -999.9 
 65.125000000  297.2386    -4.1205    10.3539  -999.9 
 65.166666667  297.1436    -5.6445    10.1233  -999.9 
 65.208333333  297.1053    -5.2626    11.4740  -999.9 
 65.250000000  296.9162    -3.6648    11.7814  -999.9 
 65.291666667  297.1279    -5.0776    12.2457  -999.9 
 65.333333333  297.1568    -5.8204    14.3545  -999.9 
 65.375000000  296.9893    -5.9046    13.9391  -999.9 
 65.416666667  296.8575   -10.6818    16.0075  -999.9 
 65.458333333  297.6826     1.1815    78.6296  -999.9 
 65.500000000  299.2012    14.9571   200.2677  -999.9 
 65.541666667  300.7667    36.1450   279.2698  -999.9 
 65.583333333  302.2163    72.9967   327.6098  -999.9 
 65.625000000  302.1369    29.4957   376.4817  -999.9 
 65.666666667  302.3189     6.3501   340.4113  -999.9 
 65.708333333  300.4666   -15.4427   305.4449  -999.9 
 65.750000000  299.8578    -6.9024   256.0324  -999.9 
 65.791666667  299.8209   -14.3657   206.4646  -999.9 
 65.833333333  299.3048   -11.0791   159.1862  -999.9 
 65.875000000  299.0178   -15.7551    96.9123  -999.9 
 65.916666667  298.4170   -19.6542    48.8837  -999.9 
 65.958333333  297.8827   -11.5164    28.6527  -999.9 
 66.000000000  297.6071    -8.3488    20.0279  -999.9 
 66.041666667  297.3572    -7.5102    18.6936  -999.9 
 66.083333333  297.3133    -8.0165    20.8698  -999.9 
 66.125000000  297.2660    -6.8942    18.7043  -999.9 
 66.166666667  297.3123    -8.5592    20.8527  -999.9 
 66.208333333  297.2620    -9.2091    21.2806  -999.9 
 66.250000000  297.1467    -7.0049    19.0274  -999.9 
 66.291666667  297.0451    -6.0707    16.5560  -999.9 
 66.333333333  296.9812    -5.0671    15.2142  -999.9 
 66.375000000  296.8332    -4.5185    12.1516  -999.9 
 66.416666667  296.8548   -11.2581    21.1290  -999.9 
 66.458333333  297.4904    -5.0180    62.6789  -999.9 
 66.500000000  298.7258    10.0479   161.2191  -999.9 
 66.541666667  300.5412    22.9756   274.9935  -999.9 
 66.583333333  301.9027    85.8532   359.1606  -999.9 
 66.625000000  303.7068   139.8275   360.7258  -999.9 
 66.666666667  304.2979    81.6635   345.9113  -999.9 
 66.708333333  303.3287    95.2764   406.8369  -999.9 
 66.750000000  303.9496    40.8129   327.7515  -999.9 
 66.791666667  302.9041    37.3152   329.2789  -999.9 
 66.833333333  301.9852   -21.3314   202.5031  -999.9 
 66.875000000  300.5051   -12.8684   119.2532  -999.9 
 66.916666667  299.2672    -8.6417    28.9725  -999.9 
 66.958333333  298.5413    -5.7619    19.6222  -999.9 
 67.000000000  298.0924    -5.5113    19.8651  -999.9 
 67.041666667  297.7851    -5.8179    19.4287  -999.9 
 67.083333333  297.6526    -8.3238    25.3426  -999.9 
 67.125000000  297.4898    -9.0806    25.1910  -999.9 
 67.166666667  297.3928    -8.2232    25.4513  -999.9 
 67.208333333  297.2541    -7.0012    24.8325  -999.9 
 67.250000000  297.1869    -7.0178    24.6052  -999.9 
 67.291666667  297.0230    -5.8545    22.5383  -999.9 
 67.333333333  296.9487    -6.0589    22.0971  -999.9 
 67.375000000  296.8781    -5.9677    20.3915  -999.9 
 67.416666667  296.5021    -4.7366    20.4349  -999.9 
 67.458333333  296.8044    -7.4209    31.9155  -999.9 
 67.500000000  297.1557    -3.9249    50.0230  -999.9 
 67.541666667  297.4672     4.2501    94.2219  -999.9 
 67.583333333  297.8110    -1.5215    99.1231  -999.9 
 67.625000000  297.9819     3.8990   148.2852  -999.9 
 67.666666667  298.1555     9.8000   181.4385  -999.9 
 67.708333333  298.2591     7.2036   212.5401  -999.9 
 67.750000000  298.2097     5.1643   219.0624  -999.9 
 67.791666667  297.9647    -9.3694   176.8328  -999.9 
 67.833333333  297.8921   -15.6613   137.0238  -999.9 
 67.875000000  297.7039   -17.0962    93.3228  -999.9 
 67.916666667  296.9323   -10.6891    31.0908  -999.9 
 67.958333333  296.4741    -9.0940    23.1886  -999.9 
 68.000000000  296.1782   -10.3895    22.9543  -999.9 
 68.041666667  296.0226   -12.8458    24.5753  -999.9 
 68.083333333  295.8928   -10.9288    22.4000  -999.9 
 68.125000000  295.6951    -7.0269    17.5665  -999.9 
 68.166666667  295.7622    -6.5905    16.5423  -999.9 
 68.208333333  295.6157    -5.6687    14.3301  -999.9 
 68.250000000  295.5023    -5.5261    11.8781  -999.9 
 68.291666667  295.5670    -7.3225    14.7420  -999.9 
 68.333333333  295.5768    -9.9551    16.0161  -999.9 
 68.375000000  295.5760   -11.1765    16.9599  -999.9 
 68.416666667  295.3345   -11.9456    17.2473  -999.9 
 68.458333333  296.1896     0.6389    73.7279  -999.9 
 68.500000000  297.6847    10.6966   180.8756  -999.9 
 68.541666667  299.2892    23.9767   267.3159  -999.9 
 68.583333333  301.1377    78.0392   351.0774  -999.9 
 68.625000000  302.9771   131.0276   373.2425  -999.9 
 68.666666667  303.7477   144.6914   387.5749  -999.9 
 68.708333333  304.3906   107.3972   361.2706  -999.9 
 68.750000000  304.3742    58.1982   329.4279  -999.9 
 68.791666667  303.0892    49.9992   313.0046  -999.9 
 68.833333333  302.8445    12.5191   245.1543  -999.9 
 68.875000000  301.3970    -8.4571   118.0855  -999.9 
 68.916666667  300.1039    -8.4019    25.3341  -999.9 
 68.958333333  299.0676   -11.0057    18.4463  -999.9 
 69.000000000  298.4461    -7.8385    14.0203  -999.9 
 69.041666667  297.9333    -6.8908    11.0032  -999.9 
 69.083333333  297.6328    -7.2599    10.6647  -999.9 
 69.125000000  297.5929    -8.5496    11.4204  -999.9 
 69.166666667  297.5859    -7.7289    10.9094  -999.9 
 69.208333333  297.4526    -6.4711     9.9215  -999.9 
 69.250000000  297.2738    -6.8730    11.2976  -999.9 
 69.291666667  297.3101   -10.5054    14.3244  -999.9 
 69.333333333  297.4246   -13.5681    16.4810  -999.9 
 69.375000000  297.3242   -13.1960    16.4711  -999.9 
 69.416666667  297.2753   -18.9318    21.5730  -999.9 
 69.458333333  298.0471    -7.0264    57.2766  -999.9 
 69.500000000  299.6705    21.6070   135.7129  -999.9 
 69.541666667  301.4207    70.7523   236.4116  -999.9 
 69.583333333  303.2999   133.4531   337.8932  -999.9 
 69.625000000  304.6880   164.9957   394.1126  -999.9 
 69.666666667  305.8976   200.1203   431.0085  -999.9 
 69.708333333  306.6828   137.2528   388.9301  -999.9 
 69.750000000  306.3874    85.4198   347.4779  -999.9 
 69.791666667  304.2117     3.9646   358.6747  -999.9 
 69.833333333  303.8185     0.1144   277.9939  -999.9 
 69.875000000  302.3088    -7.0940   136.2828  -999.9 
 69.916666667  300.9449    -9.0140    27.2166  -999.9 
 69.958333333  299.9078    -3.7499    12.8035  -999.9 
